max_stat 11
max_char 6
0       0       2       0       1
0       1       3       5       1
0       2       4       6       1
3       0       5       0       1
3       1       3       1       1
3       2       3       2       1
4       0       6       0       1
4       1       4       1       1
4       2       4       2       1
5       0       7       1       0
5       1       5       1       1
5       2       5       2       1
6       0       7       2       0
6       1       6       1       1
6       2       6       2       1
7       0       8       0       0
7       1       7       1       0
7       2       7       2       0
8       1       9       1       0
8       2       9       2       0
8       3       10      1       0
8       4       10      2       0
8       5       1       1       1
8       6       1       2       1
9       1       9       1       0
9       2       9       2       0
9       3       11      3       1
9       4       11      4       1
9       5       11      5       1
9       6       11      6       1
11      1       3       3       1
11      2       4       4       1
10      3       10      1       0
10      4       10      2       0
10      5       1       1       1
10      6       1       2       1
