max_stat 11
max_char 6 
0       0       2       0       1
0       1       3       5       1
0       2       4       5       1
3       0       5       0       0
3       1       3       1       1
3       2       3       2       1
3       3       5       3       0
3       4       5       4       0
4       0       6       0       0
4       1       4       1       1
4       2       4       2       1
4       3       6       3       0
4       4       6       4       0
5       1       7       3       0
5       2       8       3       0
5       3       10      3       1
5       4       10      4       1
5       5       10      5       1
6       1       7       4       0
6       2       8       4       0
6       3       10      3       1
6       4       10      4       1
6       5       10      6       1
7       1       7       1       0
7       2       7       2       0
7       3       9       3       1
7       4       9       3       1
7       5       9       5       1
8       1       8       1       0
8       2       8       2       0
8       3       9       4       1
8       4       9       4       1
8       5       9       6       1
9       1       3       3       1
9       2       4       4       1
9       3       10      3       1
9       4       10      4       1
10      0       11      0       0
10      3       10      3       1
10      4       10      4       1
11      3       11      1       0
11      4       11      2       0
11      5       1       1       1
11      6       1       2       1
