Clock frequency is approx. 2095.0 MHz
Memory mountain (MB/sec)
	s1	s2	s3	s4	s5	s6	s7	s8	s9	s10	s11	s12	s13	s14	s15	s16	s17	s18	s19	s20	s21	s22	s23	s24	s25	s26	s27	s28	s29	s30	s31	s32	s33	s34	s35	s36	s37	s38	s39	s40	s41	s42	s43	s44	s45	s46	s47	s48	s49	s50	s51	s52	s53	s54	s55	s56	s57	s58	s59	s60	s61	s62	s63	s64	
32m	3720.8	2715.8	2115.5	1654.5	1295.0	1050.8	895.8	801.0	724.6	669.2	634.8	615.8	567.1	587.6	665.8	793.2	769.2	749.9	760.8	745.3	748.4	717.7	748.9	735.4	745.0	734.6	739.2	748.6	735.4	728.9	734.2	755.4	734.0	722.9	725.9	727.3	734.4	727.0	734.9	740.8	736.7	736.5	734.6	734.3	733.9	740.9	731.9	740.1	728.6	726.2	725.5	723.8	726.0	719.5	723.1	716.0	713.4	711.7	708.9	707.6	715.7	703.2	702.0	720.0	
16m	3739.0	2754.5	2137.8	1675.5	1311.2	1062.2	903.8	809.9	736.2	675.8	642.5	625.3	577.5	593.2	669.1	792.9	765.4	750.4	759.9	765.2	751.6	738.7	756.8	753.5	745.8	735.8	739.1	749.4	733.2	727.3	742.2	753.7	731.5	720.8	718.7	721.9	728.1	739.2	733.1	737.8	736.4	735.3	734.4	734.0	746.2	730.5	730.7	737.7	726.7	725.2	723.7	722.7	720.0	718.3	717.2	716.4	709.6	708.6	705.8	703.3	703.6	701.8	702.5	716.7	
8m	3770.5	2753.8	2138.7	1675.7	1326.4	1063.1	903.2	814.8	732.3	675.3	641.5	623.2	577.9	591.6	679.9	795.6	767.6	764.4	764.9	762.6	746.3	755.1	746.1	760.3	746.6	756.1	742.4	749.7	734.2	727.2	733.3	754.4	733.3	723.6	725.2	720.2	728.0	731.4	738.5	739.1	739.3	755.5	735.5	734.5	735.0	732.7	731.6	739.1	727.5	746.2	723.8	725.3	722.5	721.3	716.9	715.6	716.5	710.7	727.9	711.0	713.2	707.7	703.8	719.6	
4m	3782.8	2777.4	2142.6	1680.6	1334.5	1064.6	905.4	825.5	734.9	674.2	640.8	622.7	576.5	587.0	667.9	793.9	761.9	752.1	777.7	761.2	747.3	739.8	746.8	762.7	742.2	734.2	738.1	771.1	733.9	723.0	735.2	753.6	734.0	718.5	717.5	720.1	727.9	728.3	763.4	738.7	758.0	755.2	750.8	758.5	812.4	796.9	786.5	731.3	833.9	835.6	852.4	863.1	899.6	917.7	964.8	912.7	1019.2	1054.0	1068.5	1092.0	1129.8	1189.7	1237.9	711.7	
2m	3810.2	2814.8	2185.0	1749.6	1326.8	1081.3	914.8	819.5	738.2	676.1	644.9	626.0	575.3	584.0	661.9	807.9	781.3	780.7	775.9	795.5	805.3	784.7	816.0	885.8	860.3	902.2	958.2	1078.3	1063.4	1084.8	1150.1	762.3	1273.4	1365.6	1557.4	1630.6	1676.6	1593.2	1715.4	1857.5	1732.1	1795.0	1946.3	1992.8	1990.4	2034.7	2068.3	842.9	2051.6	2073.0	2071.4	2077.4	2080.0	2043.4	1985.2	2084.3	2083.7	2080.1	2037.1	2066.1	2082.8	2080.4	2081.9	727.2	
1024k	3811.7	2813.5	2186.7	1704.6	1333.7	1108.8	917.9	820.1	737.3	679.2	650.3	634.0	586.1	598.1	794.8	828.2	1433.4	1754.2	1736.1	2055.7	1884.6	2067.9	2090.4	2048.8	2090.0	2089.5	2081.7	2089.1	2089.1	2088.6	2088.5	758.9	2089.7	2087.8	2088.1	2087.9	2087.4	2087.1	2138.5	2087.0	2086.9	2086.6	2086.0	2086.3	2136.1	2085.5	2085.7	2061.8	2085.3	2084.8	2084.2	2086.2	2083.8	2083.8	2082.5	2083.6	2083.5	2083.5	2083.0	2082.9	2082.6	2084.1	2132.2	738.2	
512k	4072.7	3724.4	3380.6	3005.9	2343.3	1948.1	1668.9	1493.8	1385.0	1303.4	1374.5	1264.8	1181.1	1331.7	1758.7	1474.5	2087.8	2087.9	2089.3	2087.0	2086.7	2086.4	2085.5	2086.9	2084.7	2084.5	2083.8	2083.6	2083.4	2082.8	2082.0	1472.6	2082.0	2081.3	2188.9	2080.2	2150.5	2079.7	2184.0	2078.8	2415.5	2539.9	2543.7	2558.3	2186.9	2286.5	2817.6	2081.0	2865.1	2878.8	3338.9	3007.0	3015.2	3004.9	3275.2	3016.0	3214.2	4073.2	3462.1	3654.6	3441.8	4071.5	2183.4	1392.1	
256k	4186.5	4184.2	4180.0	4176.5	3254.4	2707.9	2351.6	2088.7	1911.3	1757.7	1676.9	1496.1	1401.6	1461.8	1931.5	2086.4	2294.3	2080.2	2084.2	2368.5	2291.4	2555.9	2542.2	2386.9	2877.0	3263.0	3156.4	3296.8	4100.5	3235.4	4084.6	2079.5	4104.6	3286.3	2291.0	4104.8	4095.1	4091.4	2274.7	4071.2	4083.2	3256.4	4076.2	4055.8	2280.1	2531.7	4090.9	2379.0	4097.2	4059.8	4081.9	4088.5	4068.2	4090.5	4068.7	4080.9	4082.5	4082.4	4055.7	4046.3	4069.6	4040.8	2273.0	2064.7	
128k	4184.9	4180.0	4171.9	4163.2	3256.7	2673.5	2353.1	2081.5	1913.4	1754.3	1702.9	1494.9	1436.2	3252.0	2550.2	2079.7	2530.1	4115.8	4094.9	4099.2	2539.7	4086.3	3266.8	4110.9	4105.3	4085.4	4102.0	4087.7	4066.6	4064.3	4083.7	2080.2	4068.0	4078.8	2537.5	4067.0	4070.4	4059.3	2503.2	4056.2	4055.4	4000.2	4044.0	4043.3	2498.2	3219.3	4019.8	4030.5	4027.2	4028.5	4017.9	4014.7	4013.0	4009.8	4013.1	4008.3	4000.2	3997.0	4000.8	3989.0	3992.9	3975.5	2484.3	2045.0	
64k	4179.8	4170.3	4160.0	4150.9	4138.4	4129.4	4119.5	4111.6	4117.0	4098.0	4093.0	4106.4	4085.4	4087.7	4064.3	4072.6	4040.0	4067.0	4059.3	4056.2	4002.6	3994.1	4005.7	4027.6	4025.6	4014.7	4009.8	4008.3	3997.0	3982.0	3975.5	3987.4	3968.0	3973.4	3957.4	3959.3	3947.0	3942.9	3910.6	3939.8	3933.9	3909.2	3917.4	3904.1	3875.8	3884.4	3862.9	3890.6	3874.1	3881.7	3873.4	3859.1	3853.2	3856.1	3856.4	3835.8	3839.1	3821.0	3831.0	3819.2	3800.6	3785.2	3789.1	3803.6	
32k	4176.9	4163.5	4148.9	4138.4	4121.3	4110.9	4094.6	4086.2	4067.0	4056.2	4043.3	4027.6	4014.7	4008.3	3989.0	3991.1	3973.4	3959.3	3942.9	3939.8	3913.9	3904.1	3889.5	3890.6	3881.7	3864.8	3856.1	3835.8	3821.0	3819.2	3798.2	3810.4	3764.8	3763.9	3749.3	3752.8	3745.5	3738.8	3704.8	3705.8	3711.5	3688.6	3661.4	3641.7	3631.2	3620.4	3578.9	3617.1	3616.1	3620.6	3586.6	3586.5	3566.6	3566.1	3541.2	3531.8	3547.2	3516.5	3512.7	3498.0	3482.9	3467.5	3458.3	3493.9	
16k	4164.0	4138.4	4109.4	4086.2	4056.2	4030.5	4008.3	3991.1	3959.3	3939.8	3904.1	3890.6	3859.1	3835.8	3812.8	3810.4	3770.9	3752.8	3738.8	3705.8	3680.3	3641.7	3620.4	3617.1	3620.6	3596.2	3566.1	3521.7	3516.5	3487.3	3467.5	3493.9	3418.1	3415.8	3416.2	3416.5	3367.2	3381.7	3332.9	3295.5	3317.0	3294.5	3271.2	3247.2	3244.9	3228.6	3142.4	3203.5	3195.0	3186.3	3127.8	3112.8	3127.2	3126.9	3065.0	3074.0	3083.3	3029.6	3038.2	2994.4	3002.4	2957.6	2976.4	2996.1	
8k	4138.4	4086.2	4030.5	3991.1	3939.8	3890.6	3835.8	3803.6	3752.8	3705.8	3641.7	3617.1	3596.2	3531.8	3498.0	3493.9	3415.8	3416.5	3381.7	3308.2	3294.5	3260.8	3228.6	3203.5	3186.3	3127.5	3111.6	3074.0	3029.6	2994.4	2957.6	2996.1	2886.4	2873.1	2850.1	2830.7	2823.1	2815.1	2766.9	2757.2	2742.7	2687.6	2707.8	2650.8	2666.3	2607.7	2531.4	2562.2	2591.5	2529.5	2482.9	2510.7	2462.8	2490.8	2441.4	2408.4	2435.6	2382.2	2350.4	2316.4	2359.0	2323.8	2288.6	2331.8	
4k	4086.2	3991.1	3890.6	3810.4	3705.8	3617.1	3521.7	3493.9	3404.3	3308.2	3260.8	3203.5	3127.5	3074.0	2978.8	2979.5	2856.8	2847.6	2815.1	2757.2	2705.4	2650.8	2607.7	2543.9	2529.5	2510.7	2490.8	2408.4	2401.5	2316.4	2323.8	2331.8	2220.3	2186.0	2188.5	2132.7	2153.7	2095.0	2055.8	2054.7	2013.6	1972.9	1970.5	1929.0	1887.5	1846.0	2025.1	2046.8	1975.9	1928.3	1904.5	1922.4	1897.8	1848.5	1823.8	1799.2	1770.7	1745.8	1720.9	1695.9	1671.0	1646.0	1621.1	1615.4	
2k	3991.1	3810.4	3617.1	3493.9	3295.5	3203.5	3074.0	2979.5	2830.7	2757.2	2650.8	2562.2	2510.7	2408.4	2316.4	2331.8	2186.0	2132.7	2095.0	2074.6	1972.9	1929.0	1846.0	2023.5	1928.3	1922.4	1848.5	1799.2	1745.8	1695.9	1646.0	1635.1	1584.0	1514.4	1481.8	1430.7	1422.5	1370.8	1344.9	1319.0	1267.3	1241.5	1246.4	1204.6	1178.4	1166.8	1140.3	1113.8	1073.7	1047.5	1047.5	1034.2	1020.6	993.8	993.8	966.9	940.0	928.1	901.6	901.6	875.1	886.3	859.5	882.1	
